2 0.2125 0.28359375 0.425 0.5671875
5 0.259375 0.26171875 0.51875 0.5234375
4 0.2265625 0.74453125 0.453125 0.5109375
2 0.641140625 0.24417187499999998 0.159953125 0.268734375
2 0.754109375 0.24918749999999998 0.16814062499999985 0.26985937499999996
2 0.8696249999999999 0.23132812500000002 0.171484375 0.260921875
2 0.9375 0.2296875 0.125 0.3
2 0.644546875 0.5859062500000001 0.16776562499999984 0.2513124999999999
2 0.763046875 0.5799531250000001 0.15399999999999991 0.24834374999999992
2 0.8783749999999999 0.5777187500000001 0.15771875000000007 0.2527968749999999
2 0.940625 0.58671875 0.11875 0.2546875