1 0.88984375 0.26953125 0.190625 0.3453125
1 0.86484375 0.6265625 0.2109375 0.371875
1 0.74453125 0.27890625 0.190625 0.3453125
1 0.60234375 0.28984375 0.1984375 0.34375
1 0.71328125 0.6328125 0.209375 0.371875
1 0.5484375 0.6421875 0.209375 0.36875
1 0.3953125 0.65234375 0.20625 0.371875
1 0.459375 0.2984375 0.190625 0.34375
1 0.24296875 0.6625 0.2109375 0.3671875
1 0.09765625 0.66796875 0.1953125 0.3703125
1 0.06484375 0.3203125 0.1296875 0.340625
1 0.17734375 0.3140625 0.19375 0.340625
1 0.3203125 0.30546875 0.1875 0.34375