1 0.07109375 0.31640625 0.1375 0.325
1 0.11171875 0.66953125 0.1546875 0.346875
1 0.21640625 0.3171875 0.1375 0.325
1 0.359375 0.31953125 0.1453125 0.3203125
1 0.2640625 0.66796875 0.1515625 0.346875
1 0.428125 0.6671875 0.1515625 0.34375
1 0.58203125 0.66796875 0.15 0.346875
1 0.5015625 0.31953125 0.1375 0.321875
1 0.734375 0.6703125 0.1546875 0.3421875
1 0.890625 0.66796875 0.159375 0.346875
1 0.928125 0.31953125 0.1375 0.321875
1 0.7828125 0.31875 0.1421875 0.3171875
1 0.640625 0.31953125 0.134375 0.321875