1 0.0953125 0.29765625 0.1671875 0.334375
1 0.14453125 0.6515625 0.1859375 0.359375
1 0.240625 0.296875 0.1671875 0.334375
1 0.38359375 0.29765625 0.175 0.3328125
1 0.296875 0.64765625 0.184375 0.359375
1 0.46171875 0.6453125 0.184375 0.35625
1 0.61484375 0.64453125 0.18125 0.359375
1 0.5265625 0.29609375 0.1671875 0.3328125
1 0.76796875 0.64453125 0.1859375 0.3546875
1 0.9140625 0.63984375 0.171875 0.359375
1 0.934375 0.290625 0.13125 0.3328125
1 0.80859375 0.2921875 0.171875 0.3296875
1 0.665625 0.29375 0.1640625 0.3328125