1 0.9109375 0.32578125 0.178125 0.3453125
1 0.84375 0.67578125 0.2109375 0.371875
1 0.77265625 0.315625 0.190625 0.3453125
1 0.63046875 0.30625 0.1984375 0.34375
1 0.6921875 0.66171875 0.209375 0.371875
1 0.528125 0.64765625 0.209375 0.36875
1 0.375 0.6359375 0.20625 0.371875
1 0.4875 0.29453125 0.190625 0.34375
1 0.22265625 0.62578125 0.2109375 0.3671875
1 0.0875 0.61015625 0.175 0.3703125
1 0.08125 0.2609375 0.1546875 0.340625
1 0.20703125 0.27109375 0.19375 0.340625
1 0.34921875 0.2828125 0.1875 0.34375