1 0.9328125 0.425 0.134375 0.353125
1 0.86953125 0.7640625 0.253125 0.3859375
1 0.8359375 0.396875 0.228125 0.359375
1 0.69609375 0.36796875 0.2359375 0.35625
1 0.7203125 0.72890625 0.25 0.384375
1 0.559375 0.6921875 0.25 0.38125
1 0.409375 0.65859375 0.2484375 0.384375
1 0.55625 0.3359375 0.228125 0.3578125
1 0.259375 0.628125 0.2515625 0.3796875
1 0.11953125 0.59140625 0.23125 0.3859375
1 0.13828125 0.2421875 0.228125 0.3578125
1 0.28125 0.2734375 0.2328125 0.3546875
1 0.4203125 0.30546875 0.2265625 0.3578125