1 0.9296875 0.38828125 0.140625 0.3515625
1 0.88359375 0.73125 0.2328125 0.38125
1 0.82578125 0.36796875 0.2234375 0.35625
1 0.684375 0.3515625 0.23125 0.353125
1 0.73984375 0.70859375 0.24375 0.38125
1 0.57578125 0.68671875 0.24375 0.378125
1 0.4234375 0.66640625 0.2421875 0.38125
1 0.5421875 0.33203125 0.2234375 0.3546875
1 0.27109375 0.6484375 0.2453125 0.3765625
1 0.12890625 0.62421875 0.225 0.3828125
1 0.1171875 0.275 0.2234375 0.3546875
1 0.2625 0.29296875 0.228125 0.3515625
1 0.40390625 0.31328125 0.221875 0.3546875