1 0.92734375 0.42578125 0.1453125 0.3484375
1 0.8359375 0.75859375 0.234375 0.3734375
1 0.81953125 0.39140625 0.2125 0.3484375
1 0.68046875 0.35859375 0.21875 0.3453125
1 0.68828125 0.7203125 0.23125 0.3734375
1 0.52890625 0.6796875 0.2296875 0.3703125
1 0.3796875 0.64296875 0.2296875 0.3734375
1 0.5421875 0.32421875 0.2109375 0.3453125
1 0.23125 0.60859375 0.2328125 0.36875
1 0.1 0.56875 0.2 0.375
1 0.128125 0.22109375 0.2109375 0.3453125
1 0.26953125 0.25546875 0.2140625 0.3421875
1 0.40703125 0.290625 0.2078125 0.3453125