1 0.06484375 0.403125 0.1296875 0.346875
1 0.1171875 0.74453125 0.234375 0.3734375
1 0.16953125 0.3796875 0.2109375 0.3484375
1 0.3109375 0.3578125 0.21875 0.3453125
1 0.26796875 0.7171875 0.23125 0.3734375
1 0.43046875 0.6890625 0.23125 0.3703125
1 0.58203125 0.66328125 0.2296875 0.3734375
1 0.45234375 0.33359375 0.2109375 0.346875
1 0.73359375 0.640625 0.2328125 0.36875
1 0.875 0.6109375 0.2125 0.375
1 0.875 0.26171875 0.2109375 0.346875
1 0.73046875 0.28515625 0.215625 0.34375
1 0.58984375 0.31015625 0.209375 0.346875