6 0.89609375 0.45390625 0.053125 0.053125
6 0.6140625 0.4203125 0.0484375 0.06875
6 0.11171875 0.35625 0.028125 0.0421875
6 0.64375 0.43125 0.03125 0.065625
6 0.4296875 0.40703125 0.0390625 0.0453125
6 0.38984375 0.4109375 0.046875 0.0640625
6 0.18046875 0.41171875 0.0375 0.05
6 0.14765625 0.40703125 0.025 0.0328125
6 0.78515625 0.5015625 0.0875 0.1640625
4 0.37890625 0.45234375 0.0328125 0.0328125
6 0.078125 0.41328125 0.0734375 0.078125
6 0.01875 0.41328125 0.03125 0.0734375
4 0.1640625 0.4421875 0.0359375 0.0296875
5 0.28203125 0.478125 0.140625 0.1765625
6 0.9359375 0.575 0.128125 0.146875
5 0.5546875 0.5265625 0.1421875 0.14375
5 0.6890625 0.5578125 0.1453125 0.1609375
4 0.80625 0.57578125 0.0390625 0.0546875
4 0.01328125 0.4671875 0.0265625 0.0390625
6 0.4375 0.53125 0.1390625 0.1390625
1 0.06640625 0.4984375 0.1 0.1203125
4 0.7625 0.60078125 0.0625 0.0640625
4 0.86171875 0.63046875 0.0453125 0.059375
4 0.9265625 0.67578125 0.1171875 0.0984375
4 0.415625 0.628125 0.128125 0.096875
3 0.2625 0.6703125 0.15 0.2765625
1 0.66171875 0.73046875 0.1453125 0.2296875
1 0.51171875 0.7203125 0.15625 0.2359375