6 0.1015625 0.503125 0.0578125 0.0578125
6 0.37734375 0.43515625 0.05625 0.0734375
6 0.86796875 0.31015625 0.0328125 0.0453125
6 0.34921875 0.44921875 0.0390625 0.06875
6 0.55859375 0.39921875 0.04375 0.05
6 0.5984375 0.3984375 0.0546875 0.06875
6 0.80625 0.3734375 0.0421875 0.053125
6 0.8390625 0.36484375 0.028125 0.034375
6 0.2171875 0.53671875 0.10625 0.1703125
4 0.6140625 0.4375 0.0359375 0.0359375
6 0.9078125 0.3625 0.0828125 0.0859375
6 0.9671875 0.3546875 0.040625 0.075
4 0.8265625 0.40234375 0.0390625 0.034375
5 0.71328125 0.45234375 0.159375 0.190625
6 0.07578125 0.628125 0.1421875 0.159375
5 0.44921875 0.5328125 0.15625 0.159375
5 0.31875 0.58046875 0.1625 0.1765625
4 0.2046875 0.6125 0.0453125 0.0578125
4 0.97890625 0.40859375 0.03125 0.040625
6 0.565625 0.5234375 0.153125 0.153125
1 0.9296875 0.4453125 0.1125 0.1296875
4 0.2515625 0.63203125 0.06875 0.0703125
4 0.15703125 0.67421875 0.0515625 0.0640625
4 0.09765625 0.7265625 0.1265625 0.1109375
4 0.59921875 0.61640625 0.1375 0.1109375
3 0.75625 0.640625 0.18125 0.2890625
1 0.36796875 0.7484375 0.171875 0.24375
1 0.51484375 0.7203125 0.18125 0.25