6 0.10546875 0.43984375 0.05 0.0515625
6 0.3890625 0.41640625 0.046875 0.0671875
6 0.89296875 0.36953125 0.028125 0.040625
6 0.35859375 0.42578125 0.0296875 0.0640625
6 0.5734375 0.409375 0.0390625 0.04375
6 0.61328125 0.41484375 0.0453125 0.0625
6 0.821875 0.42265625 0.0359375 0.0484375
6 0.85625 0.41953125 0.0234375 0.03125
6 0.21484375 0.49140625 0.0828125 0.1609375
4 0.62265625 0.45625 0.03125 0.0328125
6 0.92421875 0.428125 0.0703125 0.0765625
6 0.984375 0.4296875 0.0296875 0.071875
4 0.8375 0.45390625 0.0359375 0.028125
5 0.71875 0.4859375 0.1328125 0.171875
6 0.0609375 0.5609375 0.121875 0.1421875
5 0.44507812500000005 0.52421875 0.13642187499999991 0.1390625
5 0.30559375 0.543265625 0.14507812499999995 0.17128125
4 0.190625 0.56484375 0.0359375 0.053125
4 0.9875 0.48515625 0.025 0.0375
6 0.56171875 0.53359375 0.134375 0.134375
1 0.93359375 0.51328125 0.0953125 0.1171875
4 0.234375 0.59140625 0.0609375 0.0609375
4 0.13359375 0.61796875 0.04375 0.0578125
4 0.0671875 0.6609375 0.1140625 0.09375
4 0.5796875 0.6349843749999999 0.125 0.10276562499999997
3 0.73125 0.67890625 0.140625 0.271875
1 0.33125 0.72265625 0.1375 0.221875
1 0.4796875 0.71875 0.146875 0.2296875