6 0.8859375 0.39921875 0.0578125 0.059375
6 0.6015625 0.40546875 0.0578125 0.075
6 0.0953125 0.41171875 0.034375 0.0453125
6 0.6328125 0.41171875 0.040625 0.06875
6 0.4171875 0.41796875 0.0453125 0.05
6 0.378125 0.42734375 0.0546875 0.0703125
6 0.171875 0.45703125 0.04375 0.0546875
6 0.1375 0.45703125 0.0296875 0.0359375
6 0.7828125 0.46171875 0.109375 0.1734375
4 0.3734375 0.46953125 0.0359375 0.0375
6 0.0703125 0.47265625 0.084375 0.0875
6 0.015625 0.48046875 0.03125 0.0765625
4 0.159375 0.48984375 0.0390625 0.034375
5 0.28125 0.50859375 0.1625 0.1921875
6 0.93515625 0.51484375 0.1296875 0.1609375
5 0.55234375 0.5171875 0.15 0.165625
5 0.69140625 0.5234375 0.175 0.1921875
4 0.8140625 0.53203125 0.04375 0.0578125
4 0.0140625 0.53671875 0.028125 0.0421875
6 0.4421875 0.53984375 0.1546875 0.1546875
1 0.0703125 0.55859375 0.1140625 0.1328125
4 0.7734375 0.5640625 0.0703125 0.071875
4 0.8765625 0.57890625 0.053125 0.065625
4 0.93828125 0.61328125 0.1125 0.109375
4 0.434375 0.63828125 0.140625 0.1140625
3 0.2921875 0.68515625 0.1828125 0.2609375
1 0.6921875 0.71640625 0.178125 0.265625
1 0.5421875 0.71796875 0.1859375 0.25625