6 0.1078125 0.42578125 0.0515625 0.053125
6 0.3921875 0.4125 0.0484375 0.06875
6 0.89765625 0.38359375 0.0296875 0.0421875
6 0.3609375 0.42109375 0.03125 0.065625
6 0.5765625 0.41171875 0.040625 0.0453125
6 0.61640625 0.41875 0.046875 0.0640625
6 0.82421875 0.43359375 0.0375 0.05
6 0.85859375 0.43203125 0.025 0.0328125
6 0.215625 0.48125 0.0890625 0.1640625
4 0.62421875 0.4609375 0.0328125 0.034375
6 0.9265625 0.44296875 0.0734375 0.0796875
6 0.98515625 0.44609375 0.0296875 0.0734375
4 0.8390625 0.465625 0.0375 0.0296875
5 0.71875 0.49375 0.1390625 0.1765625
6 0.0609375 0.5453125 0.121875 0.146875
5 0.44453125 0.52265625 0.140625 0.14375
5 0.30390625 0.53671875 0.1515625 0.1765625
4 0.18828125 0.55390625 0.0375 0.0546875
4 0.98671875 0.50234375 0.0265625 0.0390625
6 0.56015625 0.5359375 0.1390625 0.1390625
1 0.9328125 0.528125 0.1 0.1203125
4 0.23125 0.58203125 0.0625 0.0625
4 0.1296875 0.60546875 0.0453125 0.059375
4 0.06171875 0.64609375 0.1171875 0.0984375
4 0.575 0.6375 0.128125 0.1078125
3 0.725 0.68671875 0.15 0.2765625
1 0.3234375 0.71640625 0.1453125 0.2265625
1 0.471875 0.71796875 0.1546875 0.234375