6 0.10703125 0.43359375 0.05 0.05
6 0.390625 0.41484375 0.0453125 0.0671875
6 0.8953125 0.3765625 0.0265625 0.040625
6 0.36015625 0.4234375 0.028125 0.0640625
6 0.575 0.4109375 0.0375 0.04375
6 0.61484375 0.4171875 0.04375 0.0625
6 0.8234375 0.42890625 0.034375 0.0484375
6 0.85703125 0.42578125 0.0234375 0.03125
6 0.21484375 0.48671875 0.0796875 0.159375
4 0.6234375 0.45859375 0.03125 0.03125
6 0.92578125 0.43515625 0.0703125 0.075
6 0.98515625 0.43828125 0.028125 0.071875
4 0.83828125 0.46015625 0.034375 0.028125
5 0.71875 0.48984375 0.13125 0.1703125
6 0.06015625 0.55234375 0.1203125 0.140625
5 0.44429687500000004 0.5234375 0.13485937499999992 0.1375
5 0.3078125 0.54765625 0.1375 0.1546875
4 0.18984375 0.559375 0.0359375 0.053125
4 0.9875 0.49296875 0.025 0.0375
6 0.5609375 0.534375 0.1328125 0.1328125
1 0.9328125 0.52109375 0.09375 0.115625
4 0.2328125 0.58671875 0.059375 0.0609375
4 0.13203125 0.61171875 0.0421875 0.0578125
4 0.06484375 0.653125 0.1125 0.0921875
4 0.57734375 0.63203125 0.1234375 0.090625
3 0.728125 0.6828125 0.1359375 0.2703125
1 0.3265625 0.721875 0.134375 0.2234375
1 0.4765625 0.71953125 0.14375 0.228125