6 0.13203125 0.346875 0.0515625 0.053125
6 0.4125 0.3921875 0.0484375 0.06875
6 0.91328125 0.46875 0.028125 0.0421875
6 0.38046875 0.39375 0.03125 0.065625
6 0.59375 0.43046875 0.0390625 0.0453125
6 0.63046875 0.4453125 0.046875 0.0640625
6 0.83125 0.503125 0.0375 0.05
6 0.86484375 0.5078125 0.025 0.0328125
6 0.225 0.42265625 0.0875 0.1625
4 0.6296875 0.4875 0.03125 0.0328125
6 0.9296875 0.5328125 0.0734375 0.078125
6 0.98515625 0.5484375 0.0296875 0.0734375
4 0.8390625 0.5375 0.0359375 0.0296875
5 0.715625 0.5390625 0.1390625 0.175
6 0.0609375 0.453125 0.121875 0.1453125
5 0.445890625 0.50978125 0.13009374999999998 0.14920312500000002
5 0.30684374999999997 0.4966093750000001 0.15276562499999996 0.17239062499999988
4 0.184375 0.48828125 0.0375 0.053125
4 0.97734375 0.60390625 0.028125 0.0390625
6 0.5515625 0.54765625 0.1375 0.1375
1 0.9171875 0.61796875 0.0984375 0.1203125
4 0.2203125 0.525 0.0625 0.0640625
4 0.11640625 0.52578125 0.0453125 0.059375
4 0.05 0.55078125 0.1 0.096875
4 0.54609375 0.64609375 0.128125 0.096875
3 0.6796875 0.7125 0.15 0.2421875
1 0.2796875 0.6875 0.1453125 0.2484375
1 0.428125 0.71015625 0.1546875 0.2375