6 0.87109375 0.35234375 0.0609375 0.0609375
6 0.5890625 0.39375 0.0609375 0.0765625
6 0.0875 0.4609375 0.0359375 0.0453125
6 0.62109375 0.39609375 0.04375 0.06875
6 0.4078125 0.428125 0.0484375 0.0515625
6 0.3703125 0.4421875 0.0578125 0.0703125
6 0.16875 0.496875 0.0453125 0.0546875
6 0.13515625 0.5015625 0.0296875 0.0359375
6 0.77578125 0.42734375 0.1171875 0.175
4 0.3703125 0.48515625 0.0375 0.0390625
6 0.0703125 0.52578125 0.0859375 0.090625
6 0.0171875 0.53984375 0.034375 0.0765625
4 0.1609375 0.53125 0.040625 0.0359375
5 0.28359375 0.53515625 0.16875 0.196875
6 0.9328125 0.4609375 0.134375 0.165625
5 0.55859375 0.5109375 0.1640625 0.165625
5 0.69921875 0.4984375 0.1796875 0.2
4 0.81640625 0.49375 0.046875 0.059375
4 0.021875 0.5953125 0.0328125 0.0421875
6 0.44765625 0.546875 0.1609375 0.1609375
1 0.08046875 0.61015625 0.11875 0.1359375
4 0.7796875 0.5296875 0.0734375 0.0734375
4 0.88359375 0.5328125 0.05625 0.065625
4 0.9453125 0.55859375 0.109375 0.1171875
4 0.45234375 0.64921875 0.1453125 0.128125
3 0.31484375 0.7265625 0.1984375 0.296875
1 0.71484375 0.67890625 0.184375 0.246875
1 0.56875 0.70859375 0.1953125 0.25625