6 0.8796875 0.3796875 0.05625 0.0578125
6 0.596875 0.4 0.0546875 0.0734375
6 0.090625 0.4328125 0.03125 0.04375
6 0.628125 0.4046875 0.0375 0.06875
6 0.4125 0.42265625 0.0421875 0.0484375
6 0.375 0.434375 0.0515625 0.0671875
6 0.16953125 0.47421875 0.0421875 0.053125
6 0.1359375 0.47578125 0.028125 0.034375
6 0.78046875 0.446875 0.1015625 0.16875
4 0.371875 0.4765625 0.034375 0.0359375
6 0.06875 0.4953125 0.0796875 0.084375
6 0.01484375 0.50625 0.0296875 0.075
4 0.15859375 0.5078125 0.0390625 0.0328125
5 0.28203125 0.5203125 0.153125 0.1859375
6 0.93671875 0.49140625 0.1265625 0.1546875
5 0.553125 0.51484375 0.1421875 0.159375
5 0.69296875 0.51328125 0.1671875 0.184375
4 0.815625 0.515625 0.0421875 0.05625
4 0.015625 0.56171875 0.03125 0.040625
6 0.44453125 0.54296875 0.1484375 0.1484375
1 0.07421875 0.58125 0.1078125 0.128125
4 0.7765625 0.54921875 0.0671875 0.06875
4 0.8796875 0.559375 0.05 0.0625
4 0.94375 0.58984375 0.1078125 0.1046875
4 0.44140625 0.64140625 0.1359375 0.1078125
3 0.30234375 0.69609375 0.1703125 0.2546875
1 0.703125 0.70625 0.1671875 0.2609375
1 0.553125 0.715625 0.175 0.25